522601418375
522600396906
522600312624
522601249033
522600415821
522600436335
522601414534
522601305306
522601379523
522601377416
522601423140
522600736116
522600391853
522600696324
522600694343
522600415683
522601409033
522600484173
522600691823
522600943184
522600711796
522601029758
522600693171
522601048576
522600698602
522600702496
522600761657
522600809949
522600802801
522601206211
522601116753
522600816908
522600943241
522601169728
522601436265
522601170858
522600568819
522601206919
522600499725
522600662572
522600709008
522601018671
522601305832
522601322920
522600466944
522600408589
522600562687
522601187134
522601236476
522601059107
522600620413
522600720052
522600985361
522601121302
522601144187
522600778893
522601417842
522601197621
522601024926
522601192229
522600741832
522601036153
522600761633
522601236506
522601185699
522601243963
522601305596
522601268573
522600731195
522600760983
522601411312
522601003467
522600801128
522600774298
522601006755
522600735358
522601240099
522600788666
522600796326
522600789193
522600820789
522600774259
522601418383
522600780889
522601003227
522601322228
522601055679
522600792928
522601235786
522601307999
522600930138
522600797417
522601189262
522601328886
522600815238
522600782312
522601107603
522601319067
522600182723
522601339966
522600725735
522600662962
522601196407
522601292455
522601398537
522600326287
522600613133
522600372027
522600613439
522600085736
522600613397
522600326182
522600142164
522600611608
522600251001
522601157299
522600503637
522600532432
522600327771
522601376151
522600371206
522600396381
522601003092
522600140735
522600170432
522600657876
522601364523
522600192871
522601318302
522601423202
522600108826
522600613937
522600227205
522601260184
522600183532
522600613751
522600338743
522601351613
522600508813
522601877606
522600613289
522600624843
522600252923
522600121314
522600226072
522600905281
522600087192
522601219119
522600395116
522600311305
522601155405
522601364549
522600613226
522600907517
522601184839
522600203748
522600311035
522600658352
522600495088
522600613013
522600910187
522600325586
522600396192
522601226237
522600193062
522600428423
522601213704
522600613265
522601310195
522601412978
522601364444
522600158753
522600202645
522600613091
522600662236
522600370973
522600252986
522600378639
522600401678
522600175134
522600662881
522600613493
522600160215
522600140012
522601101555
522600370331
522600685352
522600470438
522600465877
522600349808
522601357795
522600325574
522600716177
522600521199
522600330216
522601392030
522601346105
522600377512
522600663153
522600749897
522600095482
522600128306
522600181443
522600148938
522600181053
522600160896
522600378129
522600250552
522600926536
522601155834
522601122003
522600926467
522600926119
522601142641
522600926509
522600378012
522600925916
522600925955
522600925994
522600422963
522600566826
522600740657
522600662332
522600076103
522601452298
522600105469
522600085289
522600142809
522600325655
522600119675
522600618999
522601218898
522600140075
522601873265
522600173543
522600614275
522600616256
522600485831
522600614182
522600819359
522600473495
522600663057
522600370595
522601411656
522601025642
522600377683
522600378168
522600689593
522600376325
522601265057
522601441248
522600045261
522600378489
522601324057
522600902746
522601352481
522600219893
522600681696
522600759352
522600717364
522600850801
522600826075
522600770138
522600663069
522600897392
522601397846
522601408470
522600665479
522600330897
522601376007
522600438412
522600405307
522600418983
522600333069
522601450912
522600496476
522601157371
522601032473
522601133176
522601283019
522601205639
522600426724